300 4
1 1 -10.12962195210624
1 2 2.702191633978791
1 3 1.5411937024922433
1 4 10.355250479080077
2 1 1.9269360432056686
2 2 7.165374070542318
2 3 -1.5007844240930988
2 4 -4.299121127793646
3 1 7.42111631526327
3 2 -3.897161961031766
3 3 -14.023874098343017
3 4 12.31033599466723
4 1 5.537491750780589
4 2 -4.631644493560593
4 3 7.852438993539052
4 4 -12.97848084439097
1 5 0.18777623705888605
2 6 0.06895631424470736
3 7 0.19292776367881004
4 8 0.18632813480113855
5 5 -17.35996859071392
5 6 -1.4133283849458962
5 7 -1.5617183264658907
5 8 10.957400981444763
6 5 2.636850091059272
6 6 -4.040154716785287
6 7 -4.649082308057314
6 8 5.9156504166059145
7 5 -0.4356634590880464
7 6 12.744408897869151
7 7 -3.176905610832101
7 8 -2.1185121732315735
8 5 9.246170089258442
8 6 -10.074685654945132
8 7 8.79957580716013
8 8 -6.973636616868817
5 9 0.1516031688026814
6 10 0.10601594950824984
7 11 0.11988578081020523
8 12 0.2888797088627643
5 3 0.018611383066283647
5 4 0.14680857089969918
6 3 0.16786132622965638
6 4 0.18121019428413507
7 3 0.11791339618448184
7 4 0.16841256057992351
8 3 0.06754313368071686
8 4 0.04192286220908812
9 9 3.9506315606983886
9 10 11.812488738311558
9 11 -2.791395614961248
9 12 -4.688906243356116
10 9 -17.745526607052412
10 10 -2.8845147385250858
10 11 4.968486587469844
10 12 6.875196278944204
11 9 11.44310348322712
11 10 -7.163716474512679
11 11 4.3554151361728755
11 12 -5.853687619678363
12 9 -4.6798030680076215
12 10 4.076595679178563
12 11 -7.84852669311137
12 12 8.960148157640964
9 13 0.24814016300723135
10 14 0.24077012432719447
11 15 0.1465427963547933
12 16 0.09026019226272332
9 7 0.012324152688227995
9 8 0.12232308510576144
10 7 0.22607483849522428
10 8 0.02365190676957889
11 7 0.2045935935069523
11 8 0.2123116744909838
12 7 0.08275477677065869
12 8 0.10883537576896192
13 13 -0.006927462990383568
13 14 7.436080254758487
13 15 -4.32750147670579
13 16 -1.2462252528043751
14 13 -1.7537042430394998
14 14 -8.943595586470021
14 15 -6.498920049362927
14 16 14.350765848246352
15 13 -12.550917970451946
15 14 0.16811713688169755
15 15 9.213312851606581
15 16 4.690279711582397
16 13 14.54334614462397
16 14 -0.11499903673579785
16 15 -2.025639090450163
16 16 -10.44593102050252
13 17 0.07737127273785212
14 18 0.26052540488342857
15 19 0.28841333314017675
16 20 0.14112725828927167
13 11 0.29341837170704266
13 12 0.26503086758988603
14 11 0.21185521957671083
14 12 0.16613302942142932
15 11 0.09198571139037816
15 12 0.26342309427104593
16 11 0.22257145883302737
16 12 0.1956840684588473
17 17 5.877488052576457
17 18 -0.4134754958199029
17 19 -13.575845986655027
17 20 5.29164417821843
18 17 14.91009155458965
18 18 -8.620746207486006
18 19 12.720931622468775
18 20 -7.206912871512681
19 17 -9.498471164803085
19 18 -1.0394360120070485
19 19 -1.6590198477644915
19 20 5.4264846729199006
20 17 -4.335548758819102
20 18 8.501284153812882
20 19 3.5838437841802793
20 20 -3.3430635646001017
17 21 0.13101915337110018
18 22 0.1965410390876007
19 23 0.12866475382186177
20 24 0.21584946693473367
17 15 0.05170219485576017
17 16 0.161040641418115
18 15 0.16873434990143052
18 16 0.23002518704290836
19 15 0.2475416497950391
19 16 0.2505816766742635
20 15 0.050719809103937384
20 16 0.05042695837561501
21 21 6.839610978811024
21 22 5.2931017118416674
21 23 3.6070822680756827
21 24 -14.13271294142337
22 21 -6.640678238524822
22 22 -2.0670094991023857
22 23 10.525976906822395
22 24 5.404885363728939
23 21 3.4299470022686647
23 22 6.548757543000853
23 23 -12.129345031168489
23 24 -1.9394781863225314
24 21 0.4583356526833479
24 22 -13.081578857448292
24 23 -1.8046951725705442
24 24 11.830047211337988
21 25 0.24405367683296053
22 26 0.15859452345799735
23 27 0.02325752839617876
24 28 0.2837431662196
21 19 0.23989475241106195
21 20 0.21822690115735838
22 19 0.2510986943548533
22 20 0.291956999036741
23 19 0.2455932635359722
23 20 0.02171358258589755
24 19 0.25054751803373027
24 20 0.08419878616502831
25 25 -10.85294127294232
25 26 5.265043588540059
25 27 4.857609099816665
25 28 1.0689215295708405
26 25 5.087813213794182
26 26 9.499966459073656
26 27 -15.84956147211084
26 28 -3.109842769580789
27 25 -1.1780610327507963
27 26 4.331445262057183
27 27 5.150670691816318
27 28 -8.217868433664497
28 25 3.571634130970235
28 26 -13.499932089516962
28 27 7.95052024190877
28 28 8.735649401984837
25 29 0.20969040454205667
26 30 0.033833623098486094
27 31 0.06373274366440171
28 32 0.037338422250931154
25 23 0.20800697544700114
25 24 0.18145824465100224
26 23 0.19438949157523214
26 24 0.22533666882054967
27 23 0.10655431645566694
27 24 0.17709824180595884
28 23 0.28846652018458835
28 24 0.10214219230479198
29 29 2.958656992510859
29 30 -8.530212459310192
29 31 15.82983671409541
29 32 -4.851248279987275
30 29 -7.739940267572971
30 30 3.5311900113274453
30 31 -1.5133225133771409
30 32 5.233971549689931
31 29 5.338686922906027
31 30 11.401495062173952
31 31 -12.858565344972083
31 32 -4.718367822850025
32 29 -1.1081046419773262
32 30 -6.31483288587831
32 31 -5.587156084780561
32 32 10.948982314831294
29 33 0.22615510541681716
30 34 0.24709254436667924
31 35 0.018067126217622142
32 36 0.06671901262829051
29 27 0.038764487788522796
29 28 0.10466592102571493
30 27 0.21048026461550556
30 28 0.03219108976270366
31 27 0.1445557851833256
31 28 0.17806135709026075
32 27 0.0381649997635932
32 28 0.17417840280264368
33 33 1.5158042927633997
33 34 5.781636138796967
33 35 10.376329933062703
33 36 -16.28415037072286
34 33 -0.6096163631492111
34 34 11.84965216487245
34 35 -2.29186581173336
34 36 -8.66859231948027
35 33 -8.318981058190065
35 34 -5.707820223141472
35 35 5.397384310343531
35 36 8.140484709738667
36 33 9.161937131079812
36 34 -1.6877897587153063
36 35 -8.257482410158815
36 36 3.7537402977103986
33 37 0.16220642461648493
34 38 0.2680440789232787
35 39 0.09732213005642099
36 40 0.07841825197475494
33 31 0.2548379544230905
33 32 0.22762826127901065
34 31 0.21636833117713597
34 32 0.10044796493078624
35 31 0.2396140249912971
35 32 0.2530665142012216
36 31 0.2544922479718327
36 32 0.11101633149381852
37 37 10.382917864307712
37 38 13.737701425320145
37 39 -13.597645090100347
37 40 -3.9148919670183266
38 37 -5.609224307666042
38 38 3.4079322990966596
38 39 5.295814491485622
38 40 -5.434662114425806
39 37 -0.4518554768597579
39 38 -10.665719414365391
39 39 6.379998783029744
39 40 0.06903030917884909
40 37 -0.8519260710737101
40 38 0.673328573311188
40 39 -3.2635616423805582
40 40 15.234459757473662
37 41 0.19922975768391663
38 42 0.09408823530400842
39 43 0.11001493143048724
40 44 0.10434629820562846
37 35 0.22490291401524903
37 36 0.19602082151880332
38 35 0.17237452740635248
38 36 0.1334726520238919
39 35 0.17433498637584988
39 36 0.12681808896855826
40 35 0.11419486551036821
40 36 0.010674778096439063
41 41 13.689877080015197
41 42 -5.815206100318897
41 43 -0.6380747390174821
41 44 1.5830311359292735
42 41 12.863290041923781
42 42 4.986934363810057
42 43 -2.101524744132632
42 44 -8.725398492035753
43 41 -8.69106971496004
43 42 7.0011648704682665
43 43 -7.5484197632120695
43 44 4.976046100776782
44 41 -10.875282502670858
44 42 -7.075585179017233
44 43 10.792114430512848
44 44 3.1430398305106557
41 45 0.22660311324055182
42 46 0.1973471513218199
43 47 0.06560085218865967
44 48 0.22701842972765873
41 39 0.1401522179239715
41 40 0.026384613144517677
42 39 0.03761313309250536
42 40 0.1610264119779868
43 39 0.03572203271209364
43 40 0.2676537878092195
44 39 0.22519407231019042
44 40 0.04470733967270981
45 45 4.663370931030435
45 46 -4.3263585230516135
45 47 -1.8774567624669165
45 48 4.974442774049448
46 45 -3.3316445046461793
46 46 12.625029126419138
46 47 -9.325525538604209
46 48 2.1696924357016623
47 45 12.929561709897655
47 46 -6.489376077068051
47 47 9.072029488336666
47 48 -12.93955637413751
48 45 -10.405570977986706
48 46 -5.258350251318174
48 47 6.495416488703969
48 48 5.288238375475456
45 49 0.2636390273943262
46 50 0.04178706141415567
47 51 0.23089982161115197
48 52 0.23646886105746817
45 43 0.08380608114842718
45 44 0.24936451326360934
46 43 0.2217741397185871
46 44 0.24592634086422882
47 43 0.021570310495662336
47 44 0.06546192625511386
48 43 0.17978324527419734
48 44 0.0800519176351563
49 49 2.276997551795548
49 50 -1.9755922015099567
49 51 7.914753711354951
49 52 -7.484396853024216
50 49 -6.985589209676727
50 50 -4.727628300812466
50 51 -2.0657406981092135
50 52 12.821823817335966
51 49 13.046834395573857
51 50 -2.038569766777059
51 51 -18.453757614827644
51 52 4.593984414591151
52 49 -3.371834611777926
52 50 8.085988474362795
52 51 3.0090632962367607
52 52 -2.570789940957301
49 53 0.28690075006735155
50 54 0.28883153437711845
51 55 0.26037656876516396
52 56 0.14245657087912625
49 47 0.07945464066860264
49 48 0.2373561757127327
50 47 0.2319333597229935
50 48 0.062162940347732176
51 47 0.12724484012585588
51 48 0.12092355244073351
52 47 0.0017292646058538308
52 48 0.29445880657500045
53 53 -1.9669578860959374
53 54 -9.99897479837144
53 55 5.984828299814469
53 56 2.2358360559180537
54 53 3.9214907673472035
54 54 9.808674651827493
54 55 -11.002647308710202
54 56 6.813684022503135
55 53 -14.321285514657383
55 54 1.20765933228972
55 55 10.613942322846453
55 56 9.526482582291488
56 53 6.143545505945789
56 54 4.326283415927032
56 55 -2.2659337783841447
56 56 -10.034943130944486
53 57 0.28144169722483026
54 58 0.2723231274582549
55 59 0.10044352830183242
56 60 0.16156799803702018
53 51 0.15939659784166338
53 52 0.2323646944263565
54 51 0.24099012014618648
54 52 0.2273685365304322
55 51 0.23230801030253706
55 52 0.1423716715991582
56 51 0.2078058201923557
56 52 0.09874801616123065
57 57 -0.15297131504922346
57 58 6.501048565925896
57 59 -17.526202512758275
57 60 1.3911754486430725
58 57 6.2879542738216925
58 58 1.2284347778756597
58 59 5.688748679011751
58 60 -8.255918671243949
59 57 10.01253300586394
59 58 -10.488985412691319
59 59 7.82451797588676
59 60 -1.3447891704993737
60 57 -12.299896516063178
60 58 3.9602825187997577
60 59 2.350585824963402
60 60 7.56588598754154
57 61 0.19531449015321625
58 62 0.15728192392363108
59 63 0.008562587788954912
60 64 0.07829094316591241
57 55 0.21255802141056854
57 56 0.2161942322270318
58 55 0.0174319212842174
58 56 0.11577170351809056
59 55 0.21387123696400664
59 56 0.019295498279612144
60 55 0.2907398122611282
60 56 0.2158679273800542
61 61 2.4706940459385103
61 62 -10.636490294705737
61 63 9.507489898943787
61 64 -2.4537021278188322
62 61 8.68703743617777
62 62 6.680795726197169
62 63 -3.384320658473408
62 64 -6.514590739768154
63 61 -10.03876532159339
63 62 1.309598990439467
63 63 3.014840865178901
63 64 4.163486366292361
64 61 -4.125086464614973
64 62 4.2180279528771845
64 63 -15.035363386775094
64 64 14.716336631988991
61 65 0.1271262172326828
62 66 0.0656627739948809
63 67 0.04623053611677062
64 68 0.10709695834604975
61 59 0.012941771649890766
61 60 0.10946065504010895
62 59 0.11854155950144638
62 60 0.18766739599799756
63 59 0.06252895862837611
63 60 0.027160509998693416
64 59 0.23305799025683227
64 60 0.02010093974548308
65 65 -3.5444928638902438
65 66 -5.4752241048535595
65 67 1.9503722191436945
65 68 7.098877290922375
66 65 -3.523434369054711
66 66 10.068665592780432
66 67 6.951898441835373
66 68 -9.071453792451496
67 65 -4.528105434543262
67 66 8.3822108834006
67 67 -8.168264592483427
67 68 8.993917537052987
68 65 13.233468172215817
68 66 -9.879055225214874
68 67 3.4897636241438916
68 68 -11.470507352844919
65 69 0.2533605337424648
66 70 0.20049937994337538
67 71 0.24713838109334688
68 72 0.14810381275003123
65 63 0.1567081307419821
65 64 0.2406551156893883
66 63 0.20229659649842338
66 64 0.10795897612561389
67 63 0.1666656648916304
67 64 0.13110391298133822
68 63 0.04040463292712721
68 64 0.24599917790671583
69 69 -9.722705391933617
69 70 -2.7028161647417575
69 71 18.086170795252524
69 72 -4.023370679452108
70 69 7.250565357797361
70 70 5.899019443051605
70 71 -4.106177980696143
70 72 -7.7910978389474925
71 69 0.1285105691236835
71 70 11.357202772704541
71 71 -4.311679548419085
71 72 1.1892135415304093
72 69 -3.2956980667292055
72 70 -11.916014825390349
72 71 2.247478655967486
72 72 8.889549645636944
69 73 0.0418746931386305
70 74 0.21307122418292074
71 75 0.05960683486274634
72 76 0.20100985461608914
69 67 0.23668050631723336
69 68 0.033476725297350525
70 67 0.27661154658641357
70 68 0.18853992015612497
71 67 0.25841597588203924
71 68 0.12972921701921294
72 67 0.07800549291996474
72 68 0.06519686915860014
73 73 9.048618146911974
73 74 2.818168691712693
73 75 -1.9940552361328414
73 76 -11.743446122138554
74 73 0.826696925908021
74 74 3.9864021170443316
74 75 -9.468562261219963
74 76 8.913055302690395
75 73 -3.4604221939480704
75 74 -13.341442193459313
75 75 11.847911657671979
75 76 3.3599793261830455
76 73 -3.397952069088412
76 74 13.980722721779493
76 75 -5.460442258466862
76 76 -0.4128037685046226
73 77 0.018471103730887582
74 78 0.08245460740651789
75 79 0.0570637758501302
76 80 0.2187451747859707
73 71 0.28733663986645813
73 72 0.2850451306569804
74 71 0.16191966929212567
74 72 0.27765905017510006
75 71 0.18538716515768486
75 72 0.22054530625176866
76 71 0.06806177403797029
76 72 0.21417704032332405
77 77 -5.390165528871771
77 78 4.5469044158074015
77 79 -6.471920242031314
77 80 5.309075018796326
78 77 6.630679167268512
78 78 -0.5054089961284391
78 79 -6.222376941474008
78 80 2.3457985240085724
79 77 0.26208916423304507
79 78 -14.300605402724637
79 79 7.828563071728593
79 80 5.673592064239017
80 77 -4.074414638319407
80 78 12.85078364564666
80 79 9.832930194902932
80 80 -14.535322259135802
77 81 0.21252958309729847
78 82 0.03816042148578613
79 83 0.09759378184159725
80 84 0.07076949678955043
77 75 0.13509019526191693
77 76 0.07869821602400599
78 75 0.1372857985564873
78 76 0.1632592967249841
79 75 0.21556998558037427
79 76 0.06222526689916774
80 75 0.24073389925899194
80 76 0.12207700016088663
81 81 4.663612319922287
81 82 13.680631914880772
81 83 -1.432703917939571
81 84 -11.358215644919689
82 81 -6.071055537797052
82 82 -8.10081288260452
82 83 11.895670117689512
82 84 2.931751693611891
83 81 5.775337612103647
83 82 -8.450452885826268
83 83 -4.1825570320124825
83 84 4.76590839695548
84 81 0.1090806893998551
84 82 8.4604070196543
84 83 -12.990800363357524
84 84 4.25707444649236
81 85 0.16348481446276136
82 86 0.19280951643500124
83 87 0.23231857247779567
84 88 0.24023946747444366
81 79 0.27258912076171615
81 80 0.20407653970285214
82 79 0.12041651682864124
82 80 0.030384421449322116
83 79 0.05182198684106363
83 80 0.06233317238144746
84 79 0.052654801183642984
84 80 0.062153999197679694
85 85 7.711757411152805
85 86 -10.359257042993562
85 87 -0.6060226430052738
85 88 9.607637428710863
86 85 -2.4198636708230934
86 86 1.6510639251020913
86 87 -2.9383177052652196
86 88 8.70302041368455
87 85 -11.705756151287439
87 86 4.521957089040625
87 87 13.64241784991292
87 88 -9.686534326154495
88 85 5.422064638348035
88 86 6.928713989647836
88 87 -9.565690177105333
88 88 -6.1038493695399465
85 89 0.033633761537114344
86 90 0.11665997742872895
87 91 0.10348440002719113
88 92 0.10742178618361824
85 83 0.17884056852606683
85 84 0.03617673303588977
86 83 0.2274394711684725
86 84 0.1520433960315393
87 83 0.08200564420854463
87 84 0.29567400576634933
88 83 0.043327062073580676
88 84 0.28922987471656403
89 89 12.601235158694493
89 90 3.4094076657064436
89 91 0.38302834388920703
89 92 -14.01709520425613
90 89 -7.924602521546537
90 90 4.13741234916887
90 91 8.686222496387876
90 92 -4.415895916521705
91 89 3.4248571587801067
91 90 6.602914572613507
91 91 -7.356808960927235
91 92 1.1891241121753542
92 89 -0.4809325635827729
92 90 -9.083032474632613
92 91 -5.889694673268886
92 92 15.02680867748521
89 93 0.12164668503867002
90 94 0.07383384507850378
91 95 0.024002329015638035
92 96 0.0616080063529417
89 87 0.14164298390303823
89 88 0.03665054071477451
90 87 0.09668122934754243
90 88 0.1452380188942177
91 87 0.2396973411492582
91 88 0.020121452934310845
92 87 0.2325027338116935
92 88 0.0025398462699548928
93 93 14.62116776268182
93 94 -0.8409170017849471
93 95 -10.026504020988652
93 96 4.185857846125437
94 93 -0.3829451010689525
94 94 8.957084482643062
94 95 -9.262074083512255
94 96 1.0281467525485752
95 93 -0.30718971261553685
95 94 -7.908157528726019
95 95 4.820512511689944
95 96 9.063849029745503
96 93 -7.923091946296183
96 94 3.3722993576603573
96 95 9.362786847202264
96 96 -12.899977673876935
93 97 0.009298523010687787
94 98 0.2588568345313484
95 99 0.12528164841598843
96 100 0.2084319851089869
93 91 0.09660868872631605
93 92 0.23108750056739297
94 91 0.23363759266717055
94 92 0.24670879622922715
95 91 0.061163704554039786
95 92 0.035333132246718565
96 91 0.016773926789352033
96 92 0.18775975962593291
97 97 7.9856974575154505
97 98 -5.81962405992141
97 99 16.37056371934277
97 100 -13.710907821680866
98 97 0.7710037966308347
98 98 12.092182289184727
98 99 -1.8360040012383656
98 100 -3.0796565788538266
99 97 5.269509541384885
99 98 -0.3886883222075364
99 99 -6.231461446516846
99 100 2.51842367723383
100 97 -9.271105934673995
100 98 -6.847717371255613
100 99 -0.09902261463597646
100 100 8.761217067633554
97 101 0.2783114974817426
98 102 0.020256943759408296
99 103 0.28710484598832176
100 104 0.12197287188825895
97 95 0.02031640552577829
97 96 0.24356787857594078
98 95 0.16620562749278336
98 96 0.2158005390911456
99 95 0.03969680593051032
99 96 0.2029250105303378
100 95 0.2981293735317248
100 96 0.28220691879361764
101 101 -6.909749601780329
101 102 12.034108655345584
101 103 -1.8072005420487889
101 104 -7.8697811342097115
102 101 6.738389340221427
102 102 -6.578961094613856
102 103 -8.049663522082419
102 104 7.73289642646098
103 101 -12.454691423021432
103 102 2.811196911665506
103 103 15.578208758899661
103 104 3.4141242932806266
104 101 7.02832192826934
104 102 -5.92597001376452
104 103 4.671758402609384
104 104 -1.1198280305792394
101 105 0.19828193613096648
102 106 0.2709981404680876
103 107 0.22739526733573578
104 108 0.018107028888737386
101 99 0.28107346303944575
101 100 0.10011600836609162
102 99 0.1644272585085614
102 100 0.05463515986171761
103 99 0.21890902150991964
103 100 0.18432106129176187
104 99 0.03248271591523653
104 100 0.2493605347977845
105 105 12.624155327181201
105 106 -14.37200770760845
105 107 1.0849038005326193
105 108 4.994052457304784
106 105 5.411550499124575
106 106 7.727429001209942
106 107 -3.5982507516477473
106 108 -10.64400194079352
107 105 -7.836147642585997
107 106 4.248731100288812
107 107 -1.2276099771620583
107 108 7.9039756714565685
108 105 0.5904860275350176
108 106 -12.408318241051962
108 107 9.313187532106758
108 108 2.0569433940093376
105 109 0.11969136389745005
106 110 0.2726940571608116
107 111 0.0006834530840824637
108 112 0.2285706097252128
105 103 0.18830654069424393
105 104 0.09984407079842374
106 103 0.2828639547602639
106 104 0.29302298733303794
107 103 0.18103614880405589
107 104 0.18158853213056905
108 103 0.07321114527193655
108 104 0.10258604725742883
109 109 -3.8672089202546807
109 110 -4.136193203935954
109 111 9.236360635224592
109 112 -15.306880375153378
110 109 -1.6023955285351508
110 110 15.939984719299833
110 111 -1.9988295717743265
110 112 0.5039524129974474
111 109 -0.49974652156368127
111 110 -3.3043250466189407
111 111 -3.874247695389353
111 112 16.829331641423444
112 109 6.658200917823358
112 110 -2.0693482501906235
112 111 -1.774929947773958
112 112 -4.717717361896295
109 113 0.017883101548266642
110 114 0.06883388702395173
111 115 0.2727874484341947
112 116 0.1464823821182686
109 107 0.141807233832805
109 108 0.13156194259758516
110 107 0.24924131695878493
110 108 0.19153485092443703
111 107 0.07500997455131597
111 108 0.004061381467915748
112 107 0.0730858574271422
112 108 0.07801815252659473
113 113 -3.856242075956543
113 114 11.086285084664153
113 115 1.4627784816757607
113 116 -2.4734054484049417
114 113 6.358172348993049
114 114 -8.532704290562684
114 115 6.309870818992249
114 116 -13.858932713628823
115 113 5.79206550946649
115 114 5.045350143864564
115 115 -4.675305097454336
115 116 1.6813401936154626
116 113 -7.899678230488709
116 114 -7.60108533414458
116 115 -2.0912988696414394
116 116 17.222207521862913
113 117 0.18795316997863412
114 118 0.2848496956540561
115 119 0.2439965138156357
116 120 0.06275099872121927
113 111 0.25567965334044446
113 112 0.09434149768891842
114 111 0.18471472395055868
114 112 0.11279466815428216
115 111 0.00461354312540243
115 112 0.041206635072729904
116 111 0.17929747037711188
116 112 0.21754268293234283
117 117 -4.226546712528432
117 118 2.347272327965461
117 119 5.807857186788839
117 120 -3.025120717468521
118 117 2.8138417292897184
118 118 9.541726685361928
118 119 -13.047340297951159
118 120 2.4276847090154816
119 117 7.56308940608162
119 118 -9.853697814914883
119 119 12.360644915778213
119 120 -8.044996082902381
120 117 -6.628056009549994
120 118 -6.1465514390306675
120 119 -2.612822959228479
120 120 13.939648781825795
117 121 0.14218097622761214
118 122 0.07536685891757507
119 123 0.2875893340017592
120 124 0.25636700579528887
117 115 0.006101617603019927
117 116 0.16334539447488877
118 115 0.2175478444665794
118 116 0.03788807509580459
119 115 0.10259400241113427
119 116 0.11220541386511884
120 115 0.07244788694286154
120 116 0.26064561012940374
121 121 1.9779990724631615
121 122 -1.6149178561317852
121 123 -13.246041295363355
121 124 12.832682729135644
122 121 -0.8360295484497953
122 122 -2.6753560545711363
122 123 12.62663556279518
122 124 -0.8210343896368947
123 121 -5.838806229034881
123 122 10.41540641975088
123 123 -3.9445343364234797
123 124 -5.466531778569172
124 121 3.082599350968841
124 122 3.7034766429424777
124 123 2.258176295045946
124 124 -16.280341438799
121 125 0.03167391312725121
122 126 0.17132979501392934
123 127 0.16879123137862173
124 128 0.11936507079414328
121 119 0.20691329291062702
121 120 0.1598596671682118
122 119 0.014362285763743498
122 120 0.14646267616558578
123 119 0.00551779207773051
123 120 0.26257700475564505
124 119 0.14141888363486488
124 120 0.1196857697345927
125 125 11.855861301540633
125 126 -1.102704495774148
125 127 1.9998220974330545
125 128 -3.1778691471745732
126 125 2.4341239558406795
126 126 -6.456478671710511
126 127 7.888350630474331
126 128 -2.144921703729614
127 125 -3.627063766428959
127 126 -0.8185499617419113
127 127 -8.46112532090313
127 128 9.18237343849502
128 125 -3.8421752308783397
128 126 17.766400650160318
128 127 5.448777396763648
128 128 -13.994923967235733
125 129 0.013044217031768479
126 130 0.1862672544805444
127 131 0.18656873859672188
128 132 0.15796802752554687
125 123 0.024202733241422192
125 124 0.11399712018737174
126 123 0.11543887823028669
126 124 0.20232317893239574
127 123 0.1385455778959518
127 124 0.22016987217917947
128 123 0.03462485120787986
128 124 0.1477179642879534
129 129 -1.977071448763018
129 130 4.002506390716533
129 131 7.475025202578022
129 132 -6.445572252085138
130 129 -10.920791767453899
130 130 12.429965444760684
130 131 0.053293786449585
130 132 1.185403960534462
131 129 13.851179450417384
131 130 -9.884107844762172
131 131 -7.170408322672748
131 132 0.8701467167407569
132 129 -5.57092248155503
132 130 -8.002340079494923
132 131 2.1306118014384867
132 132 12.733387982406573
129 133 6.833901467164782e-5
130 134 0.01910100733668769
131 135 0.009667215703551934
132 136 0.0067924348591552825
129 127 0.23528009283125328
129 128 0.06927517484305735
130 127 0.2793673258639618
130 128 0.034727270299661404
131 127 0.2573803941258648
131 128 0.22825376703751243
132 127 0.29349612950673537
132 128 0.011997569436743948
133 133 -4.048356437463804
133 134 -0.1997919684639147
133 135 12.125241793470366
133 136 -2.7009398683658628
134 133 11.44938382181359
134 134 -14.916356759341332
134 135 -8.245403436319682
134 136 10.500941705012137
135 133 -5.137789425479919
135 134 7.595969223538206
135 135 -6.729161689797121
135 136 2.3345183070411313
136 133 3.5139577205954744
136 134 8.086944891829887
136 135 -5.679305287294569
136 136 -6.97018498465201
133 137 0.1389103445588298
134 138 0.1950953947578099
135 139 0.21957029578481072
136 140 0.011911927570543001
133 131 0.05967171977960781
133 132 0.23901443860165528
134 131 0.29901549741888006
134 132 0.15910073852753778
135 131 0.28923620007485634
135 132 0.11740582616843848
136 131 0.022987777013604372
136 132 0.19944025331012083
137 137 -4.541749402175601
137 138 -9.635557005918356
137 139 17.269846654001466
137 140 -6.709360955817529
138 137 9.20494301240811
138 138 3.036598145722846
138 139 -7.7513501171336365
138 140 -0.10147955212795265
139 137 4.216199735039007
139 138 -5.602047139920604
139 139 -4.025663837952247
139 140 12.372529672393851
140 137 -5.580061139720125
140 138 10.471307507848838
140 139 -4.593854237062657
140 140 -2.2104756444623472
137 141 0.24090118652878972
138 142 0.20889446780873422
139 143 0.16187476419041427
140 144 0.007518589640852235
137 135 0.08428175110644502
137 136 0.2403824268100897
138 135 0.019354953636932713
138 136 0.0011203925746861687
139 135 0.2637477046402018
139 136 0.23388467567521787
140 135 0.04105826489152344
140 136 0.0492731871232283
141 141 -12.533840181264829
141 142 0.35542303385978535
141 143 -0.6178763533711934
141 144 7.748636329687281
142 141 -12.94937331105372
142 142 -0.5336823852065199
142 143 11.411124495466812
142 144 -2.0834608169100086
143 141 4.164647353545518
143 142 9.188892961282116
143 143 0.03835459828564334
143 144 -9.526396744991239
144 141 13.523687293112904
144 142 -7.475852136932667
144 143 -4.784134496968861
144 144 4.6505438223933515
141 145 0.19860905431219317
142 146 0.18813900246977044
143 147 0.12499887115123695
144 148 0.13276115189236773
141 139 0.026111003404116585
141 140 0.2887168767842077
142 139 0.10128564543698666
142 140 0.1870019690018776
143 139 0.2979617535740473
143 140 0.17894357816482936
144 139 0.0820787961294629
144 140 0.0037963513796539948
145 145 3.2230243681871755
145 146 -11.738984693251895
145 147 -0.651367905298648
145 148 7.493986028124535
146 145 -10.860234518206473
146 146 4.623111494960547
146 147 3.393996249249621
146 148 6.135650669822791
147 145 -1.2638259967955496
147 146 4.57175595670639
147 147 5.737755847629238
147 148 -5.648587969786258
148 145 12.794394723787228
148 146 8.127062960658316
148 147 -14.874681663479965
148 148 -8.02574183405332
145 149 0.18643885116108444
146 150 0.030290829225835657
147 151 0.048844242406696756
148 152 0.17796245374738606
145 143 0.10863518247901256
145 144 0.022517596830935238
146 143 0.2089200703396387
146 144 0.25347453944968773
147 143 0.0009609493584753936
147 144 0.17976065471920497
148 143 0.014793594769878137
148 144 0.2891191544995714
149 149 4.535401960896148
149 150 -7.507868278322565
149 151 14.34448861634415
149 152 -8.695507543329658
150 149 6.112874510599806
150 150 0.354603888851823
150 151 -4.922441034055371
150 152 0.42227885989779307
151 149 -7.957596898174881
151 150 -7.8995831487775545
151 151 3.644460538128134
151 152 10.959453592402475
152 149 -5.97995265280843
152 150 13.824190228395665
152 151 -9.387314955734894
152 152 1.2945596715385295
149 153 0.22834416618170272
150 154 0.16660096264292673
151 155 0.293976198467451
152 156 0.27335181050110874
149 147 0.28918212255801745
149 148 0.014018352299932669
150 147 0.2737781286459937
150 148 0.14848224549353142
151 147 0.28326295692541775
151 148 0.24170178192251948
152 147 0.22928918270037635
152 148 0.18395645447303363
153 153 14.891401715694766
153 154 -6.8866635201247695
153 155 -3.742988629579613
153 156 3.6647281244920085
154 153 -1.1099033116725117
154 154 12.489738726609666
154 155 -3.703343505669739
154 156 -3.7616770864746196
155 153 -16.542091416840393
155 154 -3.137241297572454
155 155 2.1400374500484864
155 156 7.0162344680075535
156 153 8.694917737357436
156 154 -7.260291896589096
156 155 6.124487511124784
156 156 -3.3430883915433505
153 157 0.03698804158106763
154 158 0.15884286935547146
155 159 0.008494725747812537
156 160 0.1583475107871203
153 151 0.1626119431964016
153 152 0.2932397201137175
154 151 0.14016407369065775
154 152 0.1785116052285883
155 151 0.29451676876870825
155 152 0.18575901224821803
156 151 0.1193649125900973
156 152 0.009209617704412797
157 157 -3.8942853271793183
157 158 -9.212145790076203
157 159 -1.6988442266175103
157 160 12.289407783061598
158 157 11.49185663706995
158 158 6.689301248929002
158 159 -2.5560804251872775
158 160 -6.982174347753869
159 157 -8.65729035127401
159 158 6.095500673561498
159 159 -7.051821656650652
159 160 7.122806795850881
160 157 3.5120214189425383
160 158 -4.724490476023049
160 159 12.535678559488202
160 160 -10.276028355937322
157 161 0.2467126947282636
158 162 0.15345846149616674
159 163 0.24751004057227585
160 164 0.21785284566837645
157 155 0.01912523843563536
157 156 0.2503432406666474
158 155 0.12824367266252262
158 156 0.1644096139838747
159 155 0.2676255644324291
159 156 0.2273145002611696
160 155 0.023139470347530364
160 156 0.1914316719508442
161 161 -7.42668879969761
161 162 10.67493187209497
161 163 -5.331415349563441
161 164 1.1087720614839907
162 161 11.278003767113862
162 162 -8.140182365471134
162 163 3.375968211162315
162 164 -4.557433846255331
163 161 -1.77923834899319
163 162 -6.788035000677768
163 163 19.221908852705177
163 164 0.8458698882762677
164 161 4.691334184599542
164 162 -9.487512063066594
164 163 -2.3919164788184615
164 164 5.867734251151115
161 165 0.08282712281063971
162 166 0.15736749242257456
163 167 0.15630681320670992
164 168 0.16588916212796995
161 159 0.21232094581964367
161 160 0.015382367205314206
162 159 0.07617620584228779
162 160 0.16323986992523712
163 159 0.2506538879981098
163 160 0.22049539691962108
164 159 0.06805785069120322
164 160 0.16032977931702255
165 165 -2.917928738900334
165 166 2.789698110921378
165 167 -6.663947900445379
165 168 9.950968281693514
166 165 11.35705661367421
166 166 -13.691155763703968
166 167 1.4455592279588205
166 168 6.766200277282391
167 165 -5.565849745964896
167 166 1.997485162799589
167 167 9.895846166635334
167 168 -6.784002430045741
168 165 -2.9578377884398055
168 166 13.084771318537186
168 167 -8.017917994198854
168 168 -6.986098461787396
165 169 0.19478381140406775
166 170 0.0967133758316862
167 171 0.24217841619204258
168 172 0.24547769151510734
165 163 0.07043491463166966
165 164 0.26174274983713924
166 163 0.025722682772615222
166 164 0.09041403322618946
167 163 0.23342587212929947
167 164 0.15704403034807848
168 163 0.01563349001850913
168 164 0.23497954440747984
169 169 -10.935793694260454
169 170 -10.549548399603179
169 171 5.081783297705373
169 172 13.419079309357386
170 169 11.429830968046229
170 170 -2.3224705677968234
170 171 -4.654812136660303
170 172 -3.4760882377256612
171 169 2.0974865938378016
171 170 8.954366999121534
171 171 -5.020684269745396
171 172 -0.7669668060713287
172 169 -3.5046910346816498
172 170 8.502946429498964
172 171 7.897797650375256
172 172 -11.493478626714616
169 173 0.1213568391644406
170 174 0.2586165511862068
171 175 0.017703585332882764
172 176 0.2839062907823774
169 167 0.27749787662030784
169 168 0.27528888938129703
170 167 0.22579556290720118
170 168 0.14497612730779483
171 167 0.2683191863481796
171 168 0.00733654588314252
172 167 0.16047339814127282
172 168 0.2752629343059952
173 173 12.080162218614884
173 174 -4.008335403616252
173 175 -1.6063281255171487
173 176 2.637761307888267
174 173 -2.5410712406436256
174 174 6.555871557583708
174 175 0.48897125116190654
174 176 -18.306930130973555
175 173 1.2478213205786903
175 174 2.7963033248458746
175 175 -5.815336724677263
175 176 9.741674511813978
176 173 -9.648824458825963
176 174 -4.55746672673265
176 175 6.932629990980826
176 176 11.816055425689811
173 177 0.004441216488454347
174 178 0.03861214161278918
175 179 0.24544820534939074
176 180 0.06234789436071439
173 171 0.01539638293769816
173 172 0.051970297061474886
174 171 0.21848409853106138
174 172 0.26337906026623004
175 171 0.19095588047672044
175 172 0.21293179564848197
176 171 0.06783731671141073
176 172 0.056432461135077445
177 177 -9.136785151646771
177 178 -7.715594757626865
177 179 14.915471651850396
177 180 8.859430070614811
178 177 -4.209134684665781
178 178 6.283691877134568
178 179 2.9535710707129055
178 180 -10.06704492442427
179 177 5.017367413972852
179 178 4.5622164795085585
179 179 -11.69950544091339
179 180 3.9082385947666176
180 177 11.491029599455436
180 178 -5.621109050474105
180 179 -4.581752021399503
180 180 1.4084578900864406
177 181 0.27553616180968005
178 182 0.1563670215201454
179 183 0.21964442053904712
180 184 0.2222746787128244
177 175 0.21090590051372818
177 176 0.12777049931427645
178 175 0.1468909648223912
178 176 0.19948501687937695
179 175 0.17568994206265137
179 176 0.2722165389040441
180 175 0.21971165073280322
180 176 0.0023471229859165052
181 181 4.682999740046794
181 182 7.944660469693942
181 183 -9.4222107254958
181 184 0.04183133522763614
182 181 7.019017930065621
182 182 4.098248870476321
182 183 2.888073732682468
182 184 -11.77318325144612
183 181 -8.866507502464746
183 182 3.445737550873856
183 183 9.455897818557599
183 184 -4.068964564278514
184 181 -2.859349382303376
184 182 -13.046303428503787
184 183 -0.7566291130497532
184 184 15.288821732911881
181 185 0.013400629881140769
182 186 0.2875982037676586
183 187 0.13140708966753908
184 188 0.1465739181995338
181 179 0.2933122427642464
181 180 0.0524462720976957
182 179 0.12675979757174885
182 180 0.19073219900820818
183 179 0.26925073121646087
183 180 0.10326180844932024
184 179 0.28656866131883346
184 180 0.24637342092385375
185 185 9.556214778479431
185 186 -5.610569876769713
185 187 7.486033328700691
185 188 -10.10757322058928
186 185 3.605223102000185
186 186 10.76054065296496
186 187 -7.218612439649276
186 188 -4.054108703299565
187 185 -5.528060829204703
187 186 -13.000802359101172
187 187 -3.17399822015076
187 188 15.969080056461788
188 185 -4.1736927932449674
188 186 3.58400740931865
188 187 4.742521404522289
188 188 -0.4930219957945826
185 189 0.08095456322302659
186 190 0.1306751886783473
187 191 0.1474983742854273
188 192 0.05101914714665463
185 183 0.08687649755206654
185 184 0.08661601513891855
186 183 0.20538364384321744
186 184 0.23600412600547852
187 183 0.21544222629764148
187 184 0.2531061106691161
188 183 0.25837053067184307
188 184 0.19164504663090878
189 189 4.156673657834615
189 190 -6.627304955379487
189 191 12.64610822541944
189 192 -11.202342664736033
190 189 3.877010310372526
190 190 5.849291513931112
190 191 0.2629058198668092
190 192 -8.81653021889231
191 189 -12.526309277514104
191 190 10.726099219358472
191 191 -3.983455871532827
191 192 7.6684870940791825
192 189 5.7677749442263755
192 190 -8.741595372110776
192 191 -3.1685240193013615
192 192 7.482319725942412
189 193 0.14696946499400082
190 194 0.16900550921811422
191 195 0.20002487891174617
192 196 0.006918016164978313
189 187 0.07565466039077196
189 188 0.23900844343693628
190 187 0.12899980353891424
190 188 0.05935557822017723
191 187 0.11941147309169026
191 188 0.19920981744059885
192 187 0.1438767501145919
192 188 0.22925069222375138
193 193 9.101811923871251
193 194 -10.603520496093019
193 195 -5.443192400344186
193 196 8.666400594481708
194 193 -7.0381490402629785
194 194 -2.6655585499976406
194 195 4.856446523007829
194 196 3.576142326390421
195 193 6.538649658237594
195 194 9.12529563457446
195 195 -11.079883712229627
195 196 1.9770412274611502
196 193 -2.624493561944332
196 194 6.558844563238953
196 195 9.368932066052539
196 196 -14.5805400301726
193 197 0.21825780047026347
194 198 0.1091538356977358
195 199 0.2599062175505298
196 200 0.21042944840078062
193 191 0.022691827835045354
193 192 0.15607212466063908
194 191 0.20808210920145734
194 192 0.10484298511298897
195 191 0.08995371616332501
195 192 0.038848189201712735
196 191 0.006115733285823421
196 192 0.008708867101766682
197 197 6.112643865534328
197 198 7.437422875428741
197 199 -11.68859437584521
197 200 -12.681612005619057
198 197 -8.817861823014725
198 198 8.537599088581011
198 199 -3.4534537549674162
198 200 1.1856425257030347
199 197 -6.0745226520501365
199 198 -2.423532296750936
199 199 13.408567056713954
199 200 2.771478635520152
200 197 7.081002898695539
200 198 -9.070819772514087
200 199 0.9345476765840552
200 200 8.852037996740597
197 201 0.2596209205508758
198 202 0.2417258470542476
199 203 0.11706269324490652
200 204 0.24394610237778733
197 195 0.008630385113703709
197 196 0.09678439773284901
198 195 0.08754393765647762
198 196 0.2533339118244896
199 195 0.17887836364007065
199 196 0.06718769216621771
200 195 0.11390426543250877
200 196 0.038138039224796395
201 201 -9.924062182735081
201 202 -6.219471146340732
201 203 0.810223762492849
201 204 8.038525496941473
202 201 7.000181569550259
202 202 -6.891565768794994
202 203 3.0755120274443253
202 204 -3.131341527535263
203 201 -4.919579603646819
203 202 18.782290288711344
203 203 4.649103638019061
203 204 -6.32392050094471
204 201 11.201594989455549
204 202 -5.353376419598781
204 203 -8.89664995434654
204 204 2.434941905713723
201 205 0.1967094477380035
202 206 0.040442470523913386
203 207 0.1399919465490326
204 208 0.21473391558834648
201 199 0.01738229482686642
201 200 0.29388840159454394
202 199 0.17918848642622873
202 200 0.22576295798511714
203 199 0.2147651994574505
203 200 0.2888231467364485
204 199 0.1503813602268268
204 200 0.18253745091326293
205 205 -16.275333665396083
205 206 -0.6458614111926663
205 207 -2.293181329065314
205 208 16.65617482440551
206 205 1.1718342685481133
206 206 -6.662891348652583
206 207 8.16143512453843
206 208 -1.9546361232117464
207 205 7.310831192134886
207 206 -8.554988501426399
207 207 -2.403578330644458
207 208 1.1179316553339642
208 205 2.1715090300935156
208 206 11.675112266244112
208 207 -0.18729756613524914
208 208 -7.555843775044741
205 209 0.14658886709454985
206 210 0.019735210563967785
207 211 0.04336373548499841
208 212 0.26483720590993853
205 203 0.16535711864418703
205 204 0.004017303481553624
206 203 0.2381928120866941
206 204 0.2798618378584914
207 203 0.19732824572558977
207 204 0.20192794532904956
208 203 0.036507218012110855
208 204 0.10940361151818818
209 209 12.529033984237412
209 210 -6.994163355034059
209 211 1.030360102325573
209 212 -7.002514010059029
210 209 -0.30661151718862373
210 210 -8.444459942287821
210 211 3.9309744644527385
210 212 12.95041179520901
211 209 -3.9088371960737867
211 210 13.897383668477067
211 211 -9.870723025383342
211 212 -5.744023968123889
212 209 -7.236282874497499
212 210 7.446388415710829
212 211 3.4377024088980006
212 212 -5.19306731752457
209 213 0.007107780652898454
210 214 0.042202853090570015
211 215 0.149899389030155
212 216 0.17098518560909481
209 207 0.15630489791907728
209 208 0.056724919387815514
210 207 0.06973974785432344
210 208 0.059877748324957646
211 207 0.2627512917448777
211 208 0.0172901445993727
212 207 0.27552977822152497
212 208 0.05398130875956477
213 213 -1.349342342904959
213 214 4.542186635479762
213 215 7.675712284271425
213 216 -4.042076826654129
214 213 4.704155862680769
214 214 12.801915409523167
214 215 -10.919414055900265
214 216 -6.4090415237730785
215 213 5.979864745337708
215 214 -8.318609688253146
215 215 6.551152674166389
215 216 -2.523961670420279
216 213 -7.426524720339187
216 214 -10.219885795534823
216 215 -3.3412136819120866
216 216 15.065067447582253
213 217 0.21084824445668543
214 218 0.10782677480868616
215 219 0.19059700801615004
216 220 0.1603358996253365
213 211 0.08813787339293497
213 212 0.008570828879943803
214 211 0.17085854776437787
214 212 0.11250298061275421
215 211 0.20049191505106656
215 212 0.0635398656762967
216 211 0.18257564736650717
216 212 0.07299586954383226
217 217 3.2123096417937473
217 218 2.194968600724992
217 219 4.116459180496005
217 220 -13.203701063147543
218 217 6.76306044309948
218 218 12.328217566445417
218 219 -16.986757304175384
218 220 -2.9766418109905004
219 217 1.6283010624524055
219 218 -8.955090334964895
219 219 2.102952197004091
219 220 10.93612887891893
220 217 -7.184053645294422
220 218 0.7212558353818437
220 219 4.2314802501027415
220 220 4.188481184244453
217 221 0.2308701769943741
218 222 0.19400370669045158
219 223 0.1620246868098955
220 224 0.16266058806617856
217 215 0.17110802422414687
217 216 0.0628295625780586
218 215 0.1906688218654632
218 216 0.18786353155509053
219 215 0.14860471960782504
219 216 0.1818370215124854
220 215 0.1945327460072052
220 216 0.048533157986823026
221 221 -3.118859807449518
221 222 0.2976301499675789
221 223 -10.524242181279169
221 224 10.581730189039067
222 221 -4.4183457571535545
222 222 17.797374472919188
222 223 -2.0522962069916284
222 224 -13.87069575961785
223 221 -1.7925451658499132
223 222 -8.273581219609802
223 223 9.801853354936693
223 224 1.7056370674339396
224 221 7.597003960064002
224 222 -1.3478925406357227
224 223 -0.6235053777726269
224 224 -0.06380268225866823
221 225 0.017253218550156355
222 226 0.24184865495230898
223 227 0.10188718835645172
224 228 0.15215669973036638
221 219 0.22258685098049844
221 220 0.005651849514289897
222 219 0.08365259522901367
222 220 0.2487163319524053
223 219 0.27308956213629
223 220 0.1279225192178547
224 219 0.2603939597045741
224 220 0.15108679476519038
225 225 1.979772023672268
225 226 -1.6765111057878785
225 227 -8.022847689477901
225 228 7.314016685459695
226 225 -10.896033874842216
226 226 4.479934527717517
226 227 -6.395928242483506
226 228 9.401806328230599
227 225 10.930055762992977
227 226 9.28179627776045
227 227 3.8299486184970144
227 228 -13.101724805995335
228 225 0.7501619223145527
228 226 -10.815305869968796
228 227 9.51743362479415
228 228 -1.8047085699449115
225 229 0.15181153336998213
226 230 0.011643118462400959
227 231 0.05545542193779849
228 232 0.2989807573589534
225 223 0.24023816330454745
225 224 0.031424763946828825
226 223 0.1225535414373047
226 224 0.12405842933740874
227 223 0.10858686245382317
227 224 0.0389504897189447
228 223 0.05673571758559026
228 224 0.25919388770953633
229 229 7.610524925375424
229 230 -2.8088690702432686
229 231 -6.113284028626719
229 232 8.981637271298867
230 229 13.120536417908228
230 230 -3.7551896282483406
230 231 3.480398986647123
230 232 -5.722594934011902
231 229 -8.135309922637068
231 230 10.505344261475237
231 231 -8.064688654055258
231 232 0.9656466235753668
232 229 -15.928609026240904
232 230 1.4828690078576863
232 231 8.615504070620574
232 232 -2.8936692661228514
229 233 0.21740914740834708
230 234 0.29744561099002637
231 235 0.1364785787084132
232 236 0.14183650696258152
229 227 0.04208606388395253
229 228 0.025567039749257645
230 227 0.020899062363715415
230 228 0.007701162277428319
231 227 0.20242736842858935
231 228 0.13833950334890296
232 227 0.15182134934254624
232 228 0.2682391618866036
233 233 1.0464411178518913
233 234 -12.218736954270867
233 235 2.1857550023354086
233 236 8.919203952067313
234 233 3.273226368852039
234 234 8.408453490167101
234 235 3.571189380383948
234 236 -14.009914480761351
235 233 3.349639758851419
235 234 4.00635082997598
235 235 -7.5659008056988934
235 236 -0.5130555382046894
236 233 -13.581592407486934
236 234 0.7885691336560372
236 235 10.585149022042154
236 236 9.43009108965258
233 237 0.207997600842418
234 238 0.13005542102720952
235 239 0.27029400932360825
236 240 0.1382006101059501
233 231 0.02764400518577572
233 232 0.26762190895625054
234 231 0.14865255677757486
234 232 0.1869628990771587
235 231 0.12055337148799962
235 232 0.00040395977018603535
236 231 0.2568123437347692
236 232 0.021719630689787526
237 237 -11.53474264705375
237 238 -1.5057715443191857
237 239 10.319358771866565
237 240 1.3532934109071086
238 237 0.26280773943517727
238 238 4.654629197794909
238 239 8.32848872416614
238 240 -9.800793992137468
239 237 -7.071929317261436
239 238 5.494348767408615
239 239 -7.034214888722772
239 240 7.314965702020228
240 237 16.333545629815738
240 238 -6.538961488764683
240 239 -8.37224697871208
240 240 1.5432636807101463
237 241 0.1370442222277725
238 242 0.20449350337417016
239 243 0.07332716330679472
240 244 0.291488143559445
237 235 0.2944739873313126
237 236 0.2777495329740892
238 235 0.08231017292680966
238 236 0.14150148268547905
239 235 0.2508645074202709
239 236 0.21423584037421536
240 235 0.2399583314770945
240 236 0.0545391974270756
241 241 -3.453373478696574
241 242 -11.936603589789632
241 243 5.705563528787614
241 244 5.00041262967468
242 241 2.3046093732388884
242 242 2.1796001946795243
242 243 -12.657558439068096
242 244 11.002711890076496
243 241 -2.609868000772102
243 242 8.851758331252706
243 243 5.837351875519907
243 244 -8.730313546375434
244 241 6.797202160203381
244 242 -3.6314749072983084
244 243 9.663375636355733
244 244 -12.0195800588519
241 245 0.2248239999492775
242 246 0.004538325283287725
243 247 0.12689993678084358
244 248 0.1384173111843518
241 239 0.13387754444558583
241 240 0.17130546247123513
242 239 0.2052868650068263
242 240 0.17864236120900842
243 239 0.014833690732123749
243 240 0.2109701192845003
244 239 0.046923777586123205
244 240 0.24195296704816607
245 245 -8.813321950832632
245 246 0.4132894208939447
245 247 12.821957321120856
245 248 -4.304919620136461
246 245 11.777018171966565
246 246 -1.0145260233262505
246 247 2.6709790315568633
246 248 -11.372979208338139
247 245 -1.4721102762043137
247 246 8.481663584295461
247 247 -7.027304503949083
247 248 3.617165656341837
248 245 -2.3581341956688835
248 246 -1.5693909085071596
248 247 -10.402051642147594
248 248 14.36016488611528
245 249 0.1941368922916221
246 250 0.10638101831803083
247 251 0.2302949059275037
248 252 0.25592960540402554
245 243 0.06724139897352728
245 244 0.16345692315292318
246 243 0.05721555822019772
246 244 0.17455373532697963
247 243 0.11624300962840048
247 244 0.2510623195028152
248 243 0.25211614855467146
248 244 0.03608960669364753
249 249 -4.775995352324933
249 250 -7.284843621030056
249 251 12.049701144429902
249 252 3.1705868098563177
250 249 8.582305341019511
250 250 2.668282437188446
250 251 -11.798627919060385
250 252 -1.450697394231012
251 249 3.7754716919135283
251 250 7.95165512709644
251 251 0.6907354666848241
251 252 -12.129757629922358
252 249 -10.635998038149147
252 250 1.3776586157557575
252 251 -1.1381352378697323
252 252 14.190710793986419
249 253 0.1663326181030528
250 254 0.19063847338675163
251 255 0.16353108457043064
252 256 0.13690708907389415
249 247 0.1822855292933347
249 248 0.1942182365792974
250 247 0.05094923062861138
250 248 0.20637345956505596
251 247 0.20405804319538096
251 248 0.21359983352547787
252 247 0.2893129885242924
252 248 0.1738585961533569
253 253 -8.259655041882406
253 254 3.1300635686854146
253 255 -6.158699233632483
253 256 7.820052972175507
254 253 7.676832402858866
254 254 -11.5762605611292
254 255 2.6286230178215995
254 256 4.551425805884694
255 253 2.7622362244206182
255 254 -3.3911929546214323
255 255 10.882875112440905
255 256 -5.3675614050565
256 253 2.4301049130511414
256 254 16.050019243058927
256 255 -8.407087982957774
256 256 -9.887558598606677
253 257 0.24730056881271467
254 258 0.1088355886943104
255 259 0.17428897735088353
256 260 0.28527035977444243
253 251 0.18795616824970696
253 252 0.29741193812433203
254 251 0.14372182048633017
254 252 0.1560477590426497
255 251 0.030002701716242818
255 252 0.16971412585375106
256 251 0.0915618742340025
256 252 0.17083106719909652
257 257 -12.034203048585285
257 258 2.124138987432482
257 259 0.8779525396726652
257 260 4.800158440798692
258 257 -13.086635281064627
258 258 13.438880000356315
258 259 -0.7135578337665885
258 260 -5.046709272871584
259 257 10.132773177130487
259 258 -4.787595594729046
259 259 3.5076052116506737
259 260 -2.71452346016248
260 257 -1.7840160972614771
260 258 3.879581505267836
260 259 -13.531193384221087
260 260 9.920612614717538
257 261 0.12490519133682165
258 262 0.21117623184899803
259 263 0.20180032626033403
260 264 0.2438212914120263
257 255 0.22262886037708968
257 256 0.03275886326483166
258 255 0.2552304571468869
258 256 0.10200805012966037
259 255 0.15913408155581923
259 256 0.1937701343289907
260 255 0.24522046270843945
260 256 0.10705382205531244
261 261 3.961386947980023
261 262 -4.087742650125866
261 263 9.10917709002733
261 264 -11.941989808238445
262 261 -12.725187512543107
262 262 2.7439209609613857
262 263 4.349235883887493
262 264 1.8242717645558104
263 261 2.4272931727776705
263 262 -1.8879433046171592
263 263 -6.069226287051872
263 264 14.292907106536946
264 261 8.722547546460028
264 262 6.124263965092435
264 263 -12.825377089636515
264 264 4.200916598764277
261 265 0.2192171169529219
262 266 0.248696987086688
263 267 0.24200124801702705
264 268 0.24252025477002448
261 259 0.24915642295877277
261 260 0.06485339596442531
262 259 0.21105903181371932
262 260 0.16031081280734397
263 259 0.28493642620013243
263 260 0.06950853563036245
264 259 0.12411142331329528
264 260 0.06770757007339827
265 265 -4.246941112598139
265 266 3.1146438265167364
265 267 0.254616236973932
265 268 6.259195183856417
266 265 9.353414604621646
266 266 8.91000903425639
266 267 -9.63884409074386
266 268 -6.387040411724876
267 265 -6.280313744353366
267 266 8.800311197634361
267 267 7.32220332560196
267 268 -14.423519883031325
268 265 3.070402618065779
268 266 -12.791868210908211
268 267 1.5022304013299659
268 268 8.636407751944095
265 269 0.209759440633276
266 270 0.08796384951064569
267 271 0.0164521394129274
268 272 0.2848288642501776
265 263 0.15428952647723
265 264 0.11526975947929467
266 263 0.1881120662048598
266 264 0.14954924226857605
267 263 0.23122883320171264
267 264 0.033175854280686035
268 263 0.16849140292841228
268 264 0.13017279339544027
269 269 -3.414699484159562
269 270 6.868805297039684
269 271 -8.17396300153701
269 272 11.804514818581618
270 269 0.028713214898855182
270 270 -6.901672758249099
270 271 0.868435643069701
270 272 6.916859368840222
271 269 -2.610285673082101
271 270 8.105918767199887
271 271 6.86866716108107
271 272 -10.672328425524444
272 269 12.73779711151588
272 270 -8.256024890966948
272 271 -0.9234203873850605
272 272 -13.034770586885607
269 273 0.10755739864147502
270 274 0.14064295602572216
271 275 0.2405816043573334
272 276 0.041120623987440916
269 267 0.005557799159373577
269 268 0.040565030640077035
270 267 0.12391550419653409
270 268 0.11327311730984863
271 267 0.04491683720640276
271 268 0.15082368745555294
272 267 0.07893468752126284
272 268 0.16552650329766927
273 273 -6.702346578166694
273 274 4.401842426029087
273 275 8.058236399180238
273 276 -2.9279373390506436
274 273 4.55686267298669
274 274 -3.875248801255786
274 275 9.62464407776904
274 276 -5.106227219508964
275 273 9.018109860668664
275 274 2.7537737919679484
275 275 -9.050026188282146
275 276 -9.499894244379343
276 273 -7.542560727655475
276 274 -2.4351395010711823
276 275 -4.298519662645963
276 276 19.00911685779692
273 277 0.23510151803686863
274 278 0.24954592359562464
275 279 0.012974795853132326
276 280 0.0670282021822103
273 271 0.08821449032514092
273 272 0.2844609876869517
274 271 0.23839102455728353
274 272 0.19637880804837973
275 271 0.12991411165173122
275 272 0.19066069594869964
276 271 0.019524155895777627
276 272 0.2094246643353135
277 277 -9.642224833630356
277 278 6.2015340966700725
277 279 2.4877129802086695
277 280 -0.06212247492508919
278 277 8.464082547919235
278 278 -9.786336229561758
278 279 16.637259850556514
278 280 -11.520787177188025
279 277 6.053507077333388
279 278 -8.229535444712592
279 279 -0.7550086496377856
279 280 5.470391731560996
280 277 7.97562711881158
280 278 2.7246359913902682
280 279 -8.689377937104531
280 280 0.17576647046853755
277 281 0.1824701944972951
278 282 0.0144123357428247
279 283 0.19014342571276996
280 284 0.012955008482185426
277 275 0.29910650329400096
277 276 0.20501791999606198
278 275 0.2557055784803171
278 276 0.16066924981679986
279 275 0.25574196518569997
279 276 0.03551085521936015
280 275 0.20596424368749802
280 276 0.06231721312339591
281 281 3.3351944936919335
281 282 -0.5282719135072115
281 283 -6.176315062222326
281 284 7.663461729112318
282 281 -11.360582231751302
282 282 9.371742457449288
282 283 2.2827692916297555
282 284 -2.4419147961314978
283 281 2.934729749311339
283 282 -11.491496509626646
283 283 8.876498750247352
283 284 2.8194799986568295
284 281 7.3866643975981505
284 282 11.945347639755918
284 283 -13.229221645811691
284 284 -7.7446916943236666
281 285 0.21590105304913662
282 286 0.0941795035400131
283 287 0.04907891249855023
284 288 0.08018202923762996
281 279 0.1945835607385365
281 280 0.04059421415980697
282 279 0.1412453916041792
282 280 0.2055932922474422
283 279 0.05621158513359146
283 280 0.1780820251447676
284 279 0.10650132296570898
284 280 0.18846778363271213
285 285 -5.272636209235682
285 286 -1.3870717407110276
285 287 3.1035143110448584
285 288 2.899314216806565
286 285 0.6590240936225987
286 286 9.091742022006011
286 287 -1.2235353562598237
286 288 -7.1111333915077015
287 285 0.5445188162201591
287 286 -4.226338993511035
287 287 -14.053449607105613
287 288 18.908838226131884
288 285 9.618004961841665
288 286 -10.645247044879982
288 287 5.747607488649568
288 288 -1.006889203006853
285 289 0.20088813132017697
286 290 0.09815662057557407
287 291 0.1017513837669903
288 292 0.16834608168285228
285 283 0.001120926364829855
285 284 0.07594352373174082
286 283 0.13465929494342857
286 284 0.043100887164218005
287 283 0.24524516288857282
287 284 0.17445805981857646
288 283 0.0162038426969769
288 284 0.142427497903726
289 289 7.709774308522293
289 290 -8.746605674732235
289 291 -2.2615457809453465
289 292 5.599524210563521
290 289 -8.471187104791664
290 290 8.489477912967512
290 291 -3.204785754116362
290 292 3.5416489371455917
291 289 -9.260142281418972
291 290 -9.855544126992843
291 291 20.04592938102787
291 292 -4.57801572960101
292 289 4.877856168566327
292 290 0.3864806013246929
292 291 1.5603860669280591
292 292 -4.9883547227847185
289 293 0.024855129414727894
290 294 0.034265028238308744
291 295 0.028346269536721855
292 296 0.07912466814256244
289 287 0.12513119507346007
289 288 0.050480570993654925
290 287 0.21884590092035489
290 288 0.20189620537857353
291 287 0.1136152469116425
291 288 0.23751660183385892
292 287 0.08773250266182031
292 288 0.2558551265356178
293 293 -7.383675201596575
293 294 7.851533202346542
293 295 -6.846845665915057
293 296 7.124886320816431
294 293 -8.049039932092173
294 294 -6.32661678801467
294 295 0.10678865106380186
294 296 14.312940740428946
295 293 3.210973149706286
295 294 -2.009574736524167
295 295 10.664742444057339
295 296 -10.009294919299807
296 293 11.766007706621762
296 294 3.078013613106448
296 295 -7.736957549046331
296 296 -6.038343591302565
293 297 0.05288043824676438
294 298 0.03412674418184995
295 299 0.0592796927520238
296 300 0.2941717554945988
293 291 0.04312768805848868
293 292 0.26836208929976463
294 291 0.28931303102813405
294 292 0.2292967555205654
295 291 0.05519261720140691
295 292 0.07617875332832777
296 291 0.24170366210116706
296 292 0.25695251906874006
297 297 -12.76436102617914
297 298 10.928795278806826
297 299 -0.3450409041276093
297 300 -1.1377545279151882
298 297 11.167688079180877
298 298 -1.90801626447065
298 299 -14.816223195153682
298 300 11.913132614783475
299 297 -7.313293761679447
299 298 -2.682012011695175
299 299 5.671620944029653
299 300 2.8116907438758063
300 297 7.238664305411978
300 298 -2.836520968640836
300 299 4.553575673276908
300 300 -6.363057016787818
297 295 0.03466841730994783
297 296 0.1056475846418099
298 295 0.1805263100799635
298 296 0.10019860798376314
299 295 0.22960801577064804
299 296 0.15950420796440914
300 295 0.20360947273651775
300 296 0.015025169427363982
